index	prediction
0	0.1510777473449707
1	0.0009089079103432596
2	0.9806162118911743
3	0.06340348720550537
4	0.009764261543750763
5	0.0014530771877616644
6	0.0021665608510375023
7	0.9648841023445129
8	0.9241800904273987
9	0.9953101277351379
10	0.9898194670677185
11	0.9950177073478699
12	0.9750826954841614
13	0.02051146700978279
14	0.002876338316127658
15	0.8762332797050476
16	0.025868171826004982
17	0.9673065543174744
18	0.017633670940995216
19	0.03391195461153984
20	0.13458117842674255
21	0.9697238802909851
22	0.8582722544670105
23	0.0008985423482954502
24	0.10727830976247787
25	0.7849220633506775
26	0.9844648241996765
27	0.00048571667866781354
28	0.0007308880449272692
29	0.02220882661640644
30	0.4244544208049774
31	0.0068556820042431355
32	0.9639518857002258
33	0.1564708948135376
34	0.9929701685905457
35	0.001984811620786786
36	0.16178718209266663
37	0.936886191368103
38	0.0007118599605746567
39	0.7727562189102173
40	0.19426657259464264
41	0.002514555584639311
42	0.9231672883033752
43	0.0011857213685289025
44	0.9516754746437073
45	0.9923856258392334
46	0.9430688619613647
47	0.014885722659528255
48	0.9552885890007019
49	0.02902601845562458
50	0.9951272010803223
51	0.0826198011636734
52	0.8406772613525391
53	0.016831137239933014
54	0.0006272284081205726
55	0.9916929602622986
56	0.00848391093313694
57	0.0006895674741826952
58	0.9537110924720764
59	0.006335309706628323
60	0.0008293884457089007
61	0.08306428790092468
62	0.0012989831157028675
63	0.0007286653853952885
64	0.010692699812352657
65	0.974636435508728
66	0.0060170674696564674
67	0.0010462746722623706
68	0.0009291087044402957
69	0.028106017038226128
70	0.9906666874885559
71	0.9981642365455627
72	0.03983563184738159
73	0.000626955006737262
74	0.6302202343940735
75	0.0024981985334306955
76	0.995782732963562
77	0.1675243377685547
78	0.9934417009353638
79	0.0010786487255245447
80	0.000802394060883671
81	0.01098108384758234
82	0.0034133661538362503
83	0.943964421749115
84	0.003339062910526991
85	0.0024863819126039743
86	0.9143189787864685
87	0.9553062319755554
88	0.0012131441617384553
89	0.000960007484536618
90	0.7725698947906494
91	0.01546256523579359
92	0.0016050623962655663
93	0.9274114370346069
94	0.0010151593014597893
95	0.0043177371844649315
96	0.00031547993421554565
97	0.8950091004371643
98	0.018601346760988235
99	0.2166757434606552
100	0.0006580288172699511
101	0.0010574980406090617
102	0.0009312748443335295
103	0.9864388704299927
104	0.9747942090034485
105	0.9673617482185364
106	0.004486301448196173
107	0.9715999960899353
108	0.9867690801620483
109	0.002003016881644726
110	0.04462968930602074
111	0.005858913529664278
112	0.9994595646858215
113	0.0008234555134549737
114	0.000518140965141356
115	0.9881778359413147
116	0.327056348323822
117	0.00559048168361187
118	0.999488353729248
119	0.0004276420222595334
120	0.9150132536888123
121	0.7631786465644836
122	0.02637689746916294
123	0.031745076179504395
124	0.995539128780365
125	0.0005218551377765834
126	0.0005732220597565174
127	0.012399633415043354
128	0.001782253966666758
129	0.0016333067324012518
130	0.021832529455423355
131	0.0008376428741030395
132	0.0021169905085116625
133	0.0016454533906653523
134	0.0015887219924479723
135	0.002005093963816762
136	0.0012105879141017795
137	0.9864224791526794
138	0.9583247900009155
139	0.9937883019447327
140	0.0017832620069384575
141	0.005524513777345419
142	0.02689327858388424
143	0.4439115822315216
144	0.0005697343731299043
145	0.9000570178031921
146	0.012463719584047794
147	0.0015770400641486049
148	0.3513885736465454
149	0.01145961508154869
150	0.339304119348526
151	0.0006498041329905391
152	0.00034265455906279385
153	0.8916968703269958
154	0.0017126079183071852
155	0.028714213520288467
156	0.0012660500360652804
157	0.9794579744338989
158	0.856172502040863
159	0.0006529250531457365
160	0.0017722692573443055
161	0.9906617999076843
162	0.004069097805768251
163	0.007025500759482384
164	0.002056785160675645
165	0.9902245402336121
166	0.0006494681583717465
167	0.26635584235191345
168	0.7168470025062561
169	0.9927527904510498
170	0.8681952953338623
171	0.9785837531089783
172	0.002539329929277301
173	0.023864025250077248
174	0.002424753736704588
175	0.0005005810526199639
176	0.0013900632038712502
177	0.9344878792762756
178	0.004118879791349173
179	0.9967065453529358
180	0.00867760181427002
181	0.009971531108021736
182	0.8697814345359802
183	0.8497706055641174
184	0.3443737030029297
185	0.010189352557063103
186	0.9996302127838135
187	0.0006042649038136005
188	0.5127573013305664
189	0.0020391654688864946
190	0.9672657251358032
191	0.0021128221414983273
192	0.0019012006232514977
193	0.9939656853675842
194	0.019704414531588554
195	0.001339357695542276
196	0.12477312237024307
197	0.8811689615249634
198	0.9222079515457153
199	0.022200550884008408
200	0.99673992395401
201	0.8699110746383667
202	0.8973627686500549
203	0.002848987001925707
204	0.0009900879813358188
205	0.0012828496983274817
206	0.10219840705394745
207	0.9782393574714661
208	0.005499282386153936
209	0.8657406568527222
210	0.7420774698257446
211	0.0021184745710343122
212	0.0006477145361714065
213	0.005721223074942827
214	0.010859187692403793
215	0.0013809785014018416
216	0.0006451469962485135
217	0.0005520596168935299
218	0.0022866420913487673
219	0.1190546527504921
220	0.002068656962364912
221	0.9614666700363159
222	0.9869731068611145
223	0.9304444193840027
224	0.0033922409638762474
225	0.8378150463104248
226	0.9652130603790283
227	0.9389283061027527
228	0.9991476535797119
229	0.9718513488769531
230	0.5763895511627197
231	0.0033642598427832127
232	0.3820795714855194
233	0.7778806090354919
234	0.0013613189803436399
235	0.4477502703666687
236	0.9642531275749207
237	0.0011373556917533278
238	0.07734904438257217
239	0.00292342621833086
240	0.0010827030055224895
241	0.9704086184501648
242	0.9969512224197388
243	0.9888715147972107
244	0.0009226573747582734
245	0.017364075407385826
246	0.0013732132501900196
247	0.0007451791316270828
248	0.9351632595062256
249	0.0004864023649133742
250	0.9172123074531555
251	0.004166949074715376
252	0.016658717766404152
253	0.049232661724090576
254	0.1323661059141159
255	0.9952074885368347
256	0.8718513250350952
257	0.9912785887718201
258	0.0016214371426030993
259	0.8719617128372192
260	0.979881763458252
261	0.9454730749130249
262	0.0032516985666006804
263	0.0003419565036892891
264	0.0009088936494663358
265	0.9321157336235046
266	0.0275731198489666
267	0.9379919171333313
268	0.00081256014527753
269	0.002079213736578822
270	0.0006407693144865334
271	0.8753129243850708
272	0.4916127324104309
273	0.9951089024543762
274	0.029912156984210014
275	0.22053587436676025
276	0.0017671366222202778
277	0.003951794467866421
278	0.04726995900273323
279	0.3604543209075928
280	0.08154841512441635
281	0.10514317452907562
282	0.9906895160675049
283	0.9864565134048462
284	0.001246649189852178
285	0.5525632500648499
286	0.33843013644218445
287	0.07768978923559189
288	0.007547501474618912
289	0.0018209039699286222
290	0.0006726345745846629
291	0.034678518772125244
292	0.009479362517595291
293	0.1263691633939743
294	0.9769818186759949
295	0.0030598656740039587
296	0.0023192709777504206
297	0.8740798234939575
298	0.9973873496055603
299	0.000864861998707056
300	0.0018276539631187916
301	0.9985430240631104
302	0.0018998989835381508
303	0.035561878234148026
304	0.001961617497727275
305	0.7891770601272583
306	0.013126582838594913
307	0.00559009425342083
308	0.8740232586860657
309	0.01294119656085968
310	0.022541096433997154
311	0.9532729983329773
312	0.0005401395610533655
313	0.001068493933416903
314	0.006837755441665649
315	0.0035951293539255857
316	0.09456932544708252
317	0.000892137351911515
318	0.9724422693252563
319	0.9962276220321655
320	0.0011265932116657495
321	0.0008545182063244283
322	0.012305404990911484
323	0.0009399484260939062
324	0.026414062827825546
325	0.9690752625465393
326	0.06795787066221237
327	0.019125351682305336
328	0.004889264702796936
329	0.007356355898082256
330	0.9715234041213989
331	0.00039192818803712726
332	0.9977368116378784
333	0.5847609043121338
334	0.9994744658470154
335	0.004229462239891291
336	0.9949281215667725
337	0.9979349374771118
338	0.004808157216757536
339	0.9883890151977539
340	0.009627566672861576
341	0.000495691376272589
342	0.6126861572265625
343	0.032134123146533966
344	0.001223187311552465
345	0.9751936793327332
346	0.9942375421524048
347	0.0413629524409771
348	0.0009053296525962651
349	0.354794979095459
350	0.1463146209716797
351	0.05041281506419182
352	0.00037136030732654035
353	0.8849142789840698
354	0.000689782842528075
355	0.0014660465531051159
356	0.9928411245346069
357	0.9818591475486755
358	0.014045304618775845
359	0.0005199730512686074
360	0.023317132145166397
361	0.0010202572448179126
362	0.20158301293849945
363	0.019768577069044113
364	0.007200745865702629
365	0.0006402696599252522
366	0.004560253117233515
367	0.1207868829369545
368	0.07234276831150055
369	0.012376916594803333
370	0.9974143505096436
371	0.49844202399253845
372	0.0006086525390855968
373	0.006573525257408619
374	0.001098375185392797
375	0.0017467295983806252
376	0.00034440174931660295
377	0.9507144689559937
378	0.001450248179025948
379	0.9863037467002869
380	0.0435621403157711
381	0.9968079924583435
382	0.0017888168804347515
383	0.9636808037757874
384	0.3156548738479614
385	0.001550324377603829
386	0.9914001226425171
387	0.0007463513757102191
388	0.6429422497749329
389	0.002575839404016733
390	0.0015282270032912493
391	0.7435217499732971
392	0.9618958234786987
393	0.9489378929138184
394	0.011378792114555836
395	0.9160884022712708
396	0.0018166223308071494
397	0.012537073343992233
398	0.11782748252153397
399	0.4291173815727234
400	0.0009625013917684555
401	0.903225839138031
402	0.0010609041200950742
403	0.9773000478744507
404	0.0032244285102933645
405	0.0016710724448785186
406	0.0028500002808868885
407	0.8926035761833191
408	0.003556856419891119
409	0.0003852077352348715
410	0.9734452366828918
411	0.0005272426642477512
412	0.025538451969623566
413	0.001178450882434845
414	0.0006064168992452323
415	0.9943299293518066
416	0.006003231275826693
417	0.0005922641139477491
418	0.0027709591668099165
419	0.9926645159721375
420	0.9884797930717468
421	0.004990415181964636
422	0.00042878073872998357
423	0.020965317264199257
424	0.766684353351593
425	0.05036434158682823
426	0.007352885324507952
427	0.0017428079154342413
428	0.00124564568977803
429	0.0021701534278690815
430	0.0015710934530943632
431	0.9972499012947083
432	0.9720376133918762
433	0.01948188990354538
434	0.9890457391738892
435	0.0011850123992189765
436	0.31875887513160706
437	0.004617336671799421
438	0.0013447565725073218
439	0.9989199638366699
440	0.00346702104434371
441	0.0009008413762785494
442	0.9304255843162537
443	0.17277947068214417
444	0.9895395636558533
445	0.0009913155809044838
446	0.0016476183664053679
447	0.027981745079159737
448	0.004012777470052242
449	0.9982016086578369
450	0.9118058085441589
451	0.9904496073722839
452	0.0010477363830432296
453	0.06826020777225494
454	0.0006532543338835239
455	0.019273841753602028
456	0.03703609108924866
457	0.8993819952011108
458	0.030783087015151978
459	0.00035179004771634936
460	0.921420156955719
461	0.5362889766693115
462	0.10861507803201675
463	0.17180006206035614
464	0.6004135608673096
465	0.8550699353218079
466	0.9783129692077637
467	0.006639968138188124
468	0.03579012304544449
469	0.9573932886123657
470	0.004236301407217979
471	0.9379277229309082
472	0.9130473732948303
473	0.0005356278270483017
474	0.004657598212361336
475	0.9572937488555908
476	0.011357467621564865
477	0.013539223000407219
478	0.9758257269859314
479	0.002023459877818823
480	0.0012103354092687368
481	0.00044519591028802097
482	0.0004492094449233264
483	0.061307284981012344
484	0.949567437171936
485	0.00221438892185688
486	0.0030393030028790236
487	0.9599653482437134
488	0.07851972430944443
489	0.002648622030392289
490	0.9639251828193665
491	0.8987462520599365
492	0.0017458283109590411
493	0.9996151924133301
494	0.5112006068229675
495	0.929477334022522
496	0.7643823027610779
497	0.0013557792408391833
498	0.011017878539860249
499	0.0012376055819913745
500	0.9888243079185486
501	0.6693465709686279
502	0.009382959455251694
503	0.0010626120492815971
504	0.9957408905029297
505	0.9964849948883057
506	0.9955646991729736
507	0.01740053854882717
508	0.0092794643715024
509	0.001251614186912775
510	0.7500728964805603
511	0.001448855851776898
512	0.005389227531850338
513	0.9927802681922913
514	0.0015726516721770167
515	0.9612382650375366
516	0.6555874943733215
517	0.007864836603403091
518	0.8904049396514893
519	0.24853336811065674
520	0.9914235472679138
521	0.023696381598711014
522	0.8192030191421509
523	0.08365265280008316
524	0.002131673274561763
525	0.9751594066619873
526	0.9894716143608093
527	0.8622120022773743
528	0.4174095690250397
529	0.0006124585052020848
530	0.001351735321804881
531	0.9554088115692139
532	0.8521638512611389
533	0.9494749903678894
534	0.0007675915258005261
535	0.0005062914569862187
536	0.9868304133415222
537	0.008967002853751183
538	0.9968388080596924
539	0.0004806634096894413
540	0.4423524737358093
541	0.01108286902308464
542	0.9923388957977295
543	0.04795233532786369
544	0.0016235203947871923
545	0.9967696666717529
546	0.0007538200006820261
547	0.9972561001777649
548	0.03186706453561783
549	0.6372957229614258
550	0.0033204262144863605
551	0.9914838671684265
552	0.8205158710479736
553	0.9233214259147644
554	0.010347363539040089
555	0.0009307381114922464
556	0.9418860673904419
557	0.15451838076114655
558	0.0004642971034627408
559	0.028975840657949448
560	0.0006614361191168427
561	0.006517362780869007
562	0.0005813836469314992
563	0.06656552851200104
564	0.0007167987641878426
565	0.5969228148460388
566	0.9294214844703674
567	0.9944446682929993
568	0.0040947324596345425
569	0.9345576167106628
570	0.9962823987007141
571	0.5130428075790405
572	0.820207953453064
573	0.14578638970851898
574	0.005594485905021429
575	0.004473261535167694
576	0.9916389584541321
577	0.8598438501358032
578	0.0013051609275862575
579	0.0010852194391191006
580	0.9945657253265381
581	0.0006565643125213683
582	0.7130092978477478
583	0.9954105019569397
584	0.0004645924491342157
585	0.0011992806103080511
586	0.9311461448669434
587	0.0006572401034645736
588	0.0023753696586936712
589	0.014829677529633045
590	0.12161889672279358
591	0.016321919858455658
592	0.9914546012878418
593	0.0021170699037611485
594	0.9761335849761963
595	0.07244604825973511
596	0.0919627845287323
597	0.009662706404924393
598	0.08313543349504471
599	0.0006335095386020839
600	0.0021489299833774567
601	0.01655428670346737
602	0.028737181797623634
603	0.7872477173805237
604	0.002671201480552554
605	0.0018893335945904255
606	0.9747757315635681
607	0.9699716567993164
608	0.08326487988233566
609	0.06342058628797531
610	0.0038558649830520153
611	0.03582577407360077
612	0.018472030758857727
613	0.7150603532791138
614	0.9459657073020935
615	0.044524483382701874
616	0.018246598541736603
617	0.0020355801098048687
618	0.5866602063179016
619	0.015549428761005402
620	0.9815483689308167
621	0.9986793398857117
622	0.0017369790002703667
623	0.09622672200202942
624	0.9136831164360046
625	0.0005191309028305113
626	0.03979673236608505
627	0.05466734990477562
628	0.1160089299082756
629	0.9581708908081055
630	0.00955936312675476
631	0.9911847710609436
632	0.012081334367394447
633	0.006504186429083347
634	0.0012586578959599137
635	0.028772160410881042
636	0.9903220534324646
637	0.0017165867611765862
638	0.960197389125824
639	0.011849933303892612
640	0.00180984812323004
641	0.0016353982500731945
642	0.014431546442210674
643	0.9829007983207703
644	0.0007731248624622822
645	0.537938117980957
646	0.9901670217514038
647	0.9883549213409424
648	0.0003879962314385921
649	0.8951671719551086
650	0.033801961690187454
651	0.904365062713623
652	0.06930063664913177
653	0.03380514681339264
654	0.9132218956947327
655	0.0009431926882825792
656	0.04256331920623779
657	0.994422972202301
658	0.9969045519828796
659	0.0013718943810090423
660	0.9513448476791382
661	0.008288516663014889
662	0.9993593096733093
663	0.0006602003704756498
664	0.0024939184077084064
665	0.5696090459823608
666	0.021904904395341873
667	0.9949105381965637
668	0.0018396578961983323
669	0.9985560774803162
670	0.9054605960845947
671	0.026795605197548866
672	0.0006238112109713256
673	0.9361897110939026
674	0.003986046649515629
675	0.11395496875047684
676	0.0006186076207086444
677	0.890520453453064
678	0.005424688570201397
679	0.0004600962274707854
680	0.0006424145540222526
681	0.3362962007522583
682	0.002047903835773468
683	0.03225191682577133
684	0.001816480653360486
685	0.0006714982446283102
686	0.0020266687497496605
687	0.007873487658798695
688	0.9478623270988464
689	0.19695810973644257
690	0.005332792177796364
691	0.0015627421671524644
692	0.000675504794344306
693	0.0019194420892745256
694	0.0013647453160956502
695	0.0007751224911771715
696	0.21560828387737274
697	0.9303890466690063
698	0.009687785990536213
699	0.8312797546386719
700	0.00034045157372020185
701	0.5770256519317627
702	0.001118876738473773
703	0.01717039942741394
704	0.9963772892951965
705	0.9757376909255981
706	0.008751417510211468
707	0.9989404082298279
708	0.9006763696670532
709	0.9358609914779663
710	0.0012734114425256848
711	0.0016658161766827106
712	0.9573971033096313
713	0.7055431008338928
714	0.0015443579759448767
715	0.0004481434007175267
716	0.7887306809425354
717	0.9945206642150879
718	0.995554506778717
719	0.9899000525474548
720	0.013563335873186588
721	0.06177155673503876
722	0.0012978949816897511
723	0.7374783158302307
724	0.01388406753540039
725	0.01952870935201645
726	0.9629209041595459
727	0.002180165145546198
728	0.02334604598581791
729	0.9950398802757263
730	0.010112390853464603
731	0.00045466769370250404
732	0.0138603700324893
733	0.8615211248397827
734	0.7334049940109253
735	0.0008754322188906372
736	0.009203271940350533
737	0.014667636714875698
738	0.0026718545705080032
739	0.015864958986639977
740	0.9965259432792664
741	0.0009284998523071408
742	0.24048499763011932
743	0.9945481419563293
744	0.12065737694501877
745	0.9918278455734253
746	0.9563408493995667
747	0.00971872266381979
748	0.44506826996803284
749	0.003756909165531397
750	0.02018250711262226
751	0.9926356673240662
752	0.0012591772247105837
753	0.0008237623842433095
754	0.9592058062553406
755	0.0010662610875442624
756	0.014100117608904839
757	0.8866052031517029
758	0.999664306640625
759	0.0945902094244957
760	0.0008661547326482832
761	0.9271278381347656
762	0.0013789060758426785
763	0.0008879411616362631
764	0.9990772008895874
765	0.9222140908241272
766	0.0022919331677258015
767	0.0036744638346135616
768	0.022080130875110626
769	0.9200658798217773
770	0.16155880689620972
771	0.25538215041160583
772	0.06251601129770279
773	0.05644284188747406
774	0.9896134734153748
775	0.0012998817255720496
776	0.8372289538383484
777	0.008818103931844234
778	0.9727491140365601
779	0.9935621023178101
780	0.8720195889472961
781	0.02244940772652626
782	0.010541284456849098
783	0.00034574465826153755
784	0.009674056433141232
785	0.9924455285072327
786	0.9536488652229309
787	0.8777979612350464
788	0.9961234927177429
789	0.9842820763587952
790	0.0012326667783781886
791	0.9018796682357788
792	0.780269205570221
793	0.023101208731532097
794	0.5241344571113586
795	0.8954759240150452
796	0.0009099390590563416
797	0.8695718050003052
798	0.016019832342863083
799	0.013371210545301437
800	0.04123054817318916
801	0.9657704830169678
802	0.0007392653496935964
803	0.0006224861717782915
804	0.972752034664154
805	0.001681711757555604
806	0.038695115596055984
807	0.7356534600257874
808	0.015607506036758423
809	0.8955481052398682
810	0.0003845856408588588
811	0.007760260719805956
812	0.9987921118736267
813	0.15347184240818024
814	0.0007531593437306583
815	0.33176326751708984
816	0.030132852494716644
817	0.004059848841279745
818	0.999169111251831
819	0.9978206157684326
820	0.8521645665168762
821	0.007616364862769842
822	0.0020866321865469217
823	0.006924760062247515
824	0.010420364327728748
825	0.9101449251174927
826	0.9834656715393066
827	0.9801774024963379
828	0.8677505850791931
829	0.0006651667063124478
830	0.0009672900778241456
831	0.9075153470039368
832	0.32481181621551514
833	0.9777668714523315
834	0.048027388751506805
835	0.9478466510772705
836	0.0007084706448949873
837	0.9838041663169861
838	0.22390872240066528
839	0.9145510792732239
840	0.002611481351777911
841	0.0006385925807990134
842	0.03380045294761658
843	0.1003037691116333
844	0.09427926689386368
845	0.6408812999725342
846	0.0006340296822600067
847	0.007905847392976284
848	0.0021827786695212126
849	0.3992111086845398
850	0.0003570216940715909
851	0.003673626109957695
852	0.0003530511457938701
853	0.8827964067459106
854	0.997515082359314
855	0.9559690356254578
856	0.14235125482082367
857	0.9931047558784485
858	0.0015588677488267422
859	0.9338306188583374
860	0.12746299803256989
861	0.00677688280120492
862	0.9701558947563171
863	0.966143786907196
864	0.8482794165611267
865	0.9162856340408325
866	0.9972645044326782
867	0.06341216713190079
868	0.9267401099205017
869	0.7236636877059937
870	0.9266665577888489
871	0.004852551966905594
872	0.0026494634803384542
873	0.0010556182824075222
874	0.014576385729014874
875	0.9909967184066772
876	0.3784421682357788
877	0.001573575078509748
878	0.9805706143379211
879	0.004310146439820528
880	0.011003805324435234
881	0.9995583891868591
882	0.01751958206295967
883	0.9798126220703125
884	0.9914793968200684
885	0.9645123481750488
886	0.001971960300579667
887	0.9934537410736084
888	0.9833939671516418
889	0.9713747501373291
890	0.9983491897583008
891	0.5585805177688599
892	0.39451366662979126
893	0.007008987013250589
894	0.8489940762519836
895	0.006725750397890806
896	0.9250102639198303
897	0.896550714969635
898	0.006579725071787834
899	0.005445849150419235
900	0.013832579366862774
901	0.997575581073761
902	0.014756450429558754
903	0.003080950817093253
904	0.20102640986442566
905	0.9807260632514954
906	0.0009071580716408789
907	0.6833610534667969
908	0.003677097149193287
909	0.4114665687084198
910	0.9829356670379639
911	0.0014415702316910028
912	0.9948393702507019
913	0.18865624070167542
914	0.0006561201298609376
915	0.9994747042655945
916	0.9979640245437622
917	0.09584967792034149
918	0.029704298824071884
919	0.9459363222122192
920	0.0006110362010076642
921	0.004399801604449749
922	0.000990328611806035
923	0.9981440305709839
924	0.0007643972639925778
925	0.9884955883026123
926	0.0014772632857784629
927	0.0074298386462032795
928	0.0033369320444762707
929	0.9618042707443237
930	0.03469875082373619
931	0.9904188513755798
932	0.9693868160247803
933	0.9703994393348694
934	0.9329990744590759
935	0.9818087220191956
936	0.6443839073181152
937	0.005166679620742798
938	0.003990605939179659
939	0.0013266350142657757
940	0.008153857663273811
941	0.992967963218689
942	0.007542204111814499
943	0.9888051748275757
944	0.01235748641192913
945	0.0006747583975084126
946	0.013432682491838932
947	0.9915483593940735
948	0.001315250527113676
949	0.0028068118263036013
950	0.0015865323366597295
951	0.9908213019371033
952	0.8212507367134094
953	0.9952436089515686
954	0.8913621306419373
955	0.7733866572380066
956	0.004450314212590456
957	0.005767772439867258
958	0.0018987030489370227
959	0.17451459169387817
960	0.001021259929984808
961	0.004073982127010822
962	0.9244637489318848
963	0.9448710680007935
964	0.0006729612359777093
965	0.9921231865882874
966	0.02934161014854908
967	0.0006922103930264711
968	0.9156399369239807
969	0.009450800716876984
970	0.9870499968528748
971	0.001962329028174281
972	0.0009639992495067418
973	0.0010447163367643952
974	0.038766343146562576
975	0.6102097034454346
976	0.028300751000642776
977	0.0009928344516083598
978	0.9789313077926636
979	0.0029475230257958174
980	0.012257209978997707
981	0.001920555834658444
982	0.004451742861419916
983	0.0028951296117156744
984	0.9421654939651489
985	0.856648325920105
986	0.9862390160560608
987	0.0015475412365049124
988	0.0006667963461950421
989	0.0012983178021386266
990	0.9807141423225403
991	0.9560390710830688
992	0.13733527064323425
993	0.9966134428977966
994	0.0003432194935157895
995	0.9126729369163513
996	0.0019340639701113105
997	0.004173084627836943
998	0.9929491281509399
999	0.013590029440820217
